1,H,hydrogen,25,53,120,38,-1,-1
2,He,helium,120,31,140,32,-1,-1
3,Li,lithium,145,167,182,134,-1,152
4,Be,beryllium,105,112,153,90,85,112
5,B,boron,85,87,192,82,73,-1
6,C,carbon,70,67,170,77,60,-1
7,N,nitrogen,65,56,155,75,54,-1
8,O,oxygen,60,48,152,73,53,-1
9,F,fluorine,50,42,147,71,53,-1
10,Ne,neon,160,38,154,69,-1,-1
11,Na,sodium,180,190,227,154,-1,186
12,Mg,magnesium,150,145,173,130,127,160
13,Al,aluminium,125,118,184,118,111,143
14,Si,silicon,110,111,210,111,102,-1
15,P,phosphorus,100,98,180,106,94,-1
16,S,sulfur,100,100,180,102,95,-1
17,Cl,chlorine,100,79,175,99,93,-1
18,Ar,argon,71,71,188,97,96,-1
19,K,potassium,220,243,275,196,-1,227
20,Ca,calcium,180,194,231,174,133,197
21,Sc,scandium,160,184,211,144,114,162
22,Ti,titanium,140,176,-1,136,108,147
23,V,vanadium,135,171,-1,125,106,134
24,Cr,chromium,140,166,-1,127,103,128
25,Mn,manganese,140,161,-1,139,103,127
26,Fe,iron,140,156,-1,125,102,126
27,Co,cobalt,135,152,-1,126,96,125
28,Ni,nickel,135,149,163,121,101,124
29,Cu,copper,135,145,140,138,120,128
30,Zn,zinc,135,142,139,131,-1,134
31,Ga,gallium,130,136,187,126,121,135
32,Ge,germanium,125,125,211,122,114,-1
33,As,arsenic,115,114,185,119,106,-1
34,Se,selenium,115,103,190,116,107,-1
35,Br,bromine,115,94,185,114,110,-1
36,Kr,krypton,-1,88,202,110,108,-1
37,Rb,rubidium,235,265,303,211,-1,248
38,Sr,strontium,200,219,249,192,139,215
39,Y,yttrium,180,212,-1,162,124,180
40,Zr,zirconium,155,206,-1,148,121,160
41,Nb,niobium,145,198,-1,137,116,146
42,Mo,molybdenum,145,190,-1,145,113,139
43,Tc,technetium,135,183,-1,156,110,136
44,Ru,ruthenium,130,178,-1,126,103,134
45,Rh,rhodium,135,173,-1,135,106,134
46,Pd,palladium,140,169,163,131,112,137
47,Ag,silver,160,165,172,153,137,144
48,Cd,cadmium,155,161,158,148,-1,151
49,In,indium,155,156,193,144,146,167
50,Sn,tin,145,145,217,141,132,-1
51,Sb,antimony,145,133,206,138,127,-1
52,Te,tellurium,140,123,206,135,121,-1
53,I,iodine,140,115,198,133,125,-1
54,Xe,xenon,-1,108,216,130,122,-1
55,Cs,caesium,260,298,343,225,-1,265
56,Ba,barium,215,253,268,198,149,222
57,La,lanthanum,195,195,-1,169,139,187
58,Ce,cerium,185,158,-1,-1,131,181.8
59,Pr,praseodymium,185,247,10,11,128,182.4
60,Nd,neodymium,185,206,20,20,-1,181.4
61,Pm,promethium,185,205,-1,-1,-1,183.4
62,Sm,samarium,185,238,-1,-1,-1,180.4
63,Eu,europium,185,231,-1,-1,-1,180.4
64,Gd,gadolinium,180,233,-1,-1,132,180.4
65,Tb,terbium,175,225,-1,-1,-1,177.3
66,Dy,dysprosium,175,228,-1,-1,-1,178.1
67,Ho,holmium,175,226,-1,-1,-1,176.2
68,Er,erbium,175,226,-1,-1,-1,176.1
69,Tm,thulium,175,222,-1,-1,-1,175.9
70,Yb,ytterbium,175,222,-1,-1,-1,176
71,Lu,lutetium,175,217,-1,160,131,173.8
72,Hf,hafnium,155,208,-1,150,122,159
73,Ta,tantalum,145,200,-1,138,119,146
74,W,tungsten,135,193,-1,146,115,139
75,Re,rhenium,135,188,-1,159,110,137
76,Os,osmium,130,185,-1,128,109,135
77,Ir,iridium,135,180,-1,137,107,135.5
78,Pt,platinum,135,177,175,128,110,138.5
79,Au,gold,135,174,166,144,123,144
80,Hg,mercury,150,171,155,149,-1,151
81,Tl,thallium,190,156,196,148,150,170
82,Pb,lead,180,154,202,147,137,-1
83,Bi,bismuth,160,143,207,146,135,-1
84,Po,polonium,190,135,197,-1,129,-1
85,At,astatine,-1,127,202,-1,138,-1
86,Rn,radon,-1,120,220,145,133,-1
87,Fr,francium,-1,-1,348,-1,-1,-1
88,Ra,radium,215,-1,283,-1,159,-1
89,Ac,actinium,195,-1,-1,-1,140,-1
90,Th,thorium,180,-1,-1,-1,136,179
91,Pa,protactinium,180,-1,-1,-1,129,163
92,U,uranium,175,-1,186,-1,118,156
93,Np,neptunium,175,-1,-1,-1,116,155
94,Pu,plutonium,175,-1,-1,-1,-1,159
95,Am,americium,175,-1,-1,-1,-1,173
96,Cm,curium,-1,-1,-1,-1,-1,174
97,Bk,berkelium,-1,-1,-1,-1,-1,170
98,Cf,californium,-1,-1,-1,-1,-1,186
99,Es,einsteinium,-1,-1,-1,-1,-1,186
100,Fm,fermium,-1,-1,-1,-1,-1,-1
101,Md,mendelevium,-1,-1,-1,-1,-1,-1
102,No,nobelium,-1,-1,-1,-1,-1,-1
103,Lr,lawrencium,-1,-1,-1,-1,-1,-1
104,Rf,rutherfordium,-1,-1,-1,-1,131,-1
105,Db,dubnium,-1,-1,-1,-1,126,-1
106,Sg,seaborgium,-1,-1,-1,-1,121,-1
107,Bh,bohrium,-1,-1,-1,-1,119,-1
108,Hs,hassium,-1,-1,-1,-1,118,-1
109,Mt,meitnerium,-1,-1,-1,-1,113,-1
110,Ds,darmstadtium,-1,-1,-1,-1,112,-1
111,Rg,roentgenium,-1,-1,-1,-1,118,-1
112,Cn,copernicium,-1,-1,-1,-1,130,-1
113,Nh,nihonium,-1,-1,-1,-1,-1,-1
114,Fl,flerovium,-1,-1,-1,-1,-1,-1
115,Mc,moscovium,-1,-1,-1,-1,-1,-1
116,Lv,livermorium,-1,-1,-1,-1,-1,-1
117,Ts,tennessine,-1,-1,-1,-1,-1,-1
118,Og,oganesson,-1,-1,-1,-1,-1,-1